NaN	10.0	20.0	30.0	40.0	50.0	60.0	70.0	80.0	90.0	100.0	110.0	120.0	130.0	140.0	150.0	160.0	170.0	180.0	190.0	200.0	210.0	220.0	230.0	240.0	250.0	260.0	270.0	280.0	290.0	300.0	310.0	320.0	330.0	340.0	350.0	360.0	370.0	380.0	390.0	400.0
10.0	0.000	0.000	0.000	0.000	0.000	0.000	0.000	0.000	0.000	0.000	0.000	0.000	0.000	0.000	0.000	0.000	0.000	0.000	0.000	0.000	0.000	0.000	0.000	0.000	0.000	0.000	0.000	0.000	0.000	0.000	0.000	0.000	0.000	0.000	0.000	0.000	0.000	0.000	0.000	0.000
20.0	0.000	0.846	0.858	0.865	0.871	0.874	0.877	0.878	0.880	0.881	0.882	0.883	0.883	0.884	0.885	0.885	0.885	0.886	0.886	0.886	0.886	0.886	0.886	0.887	0.887	0.887	0.887	0.887	0.888	0.888	0.888	0.888	0.888	0.888	0.888	0.888	0.888	0.888	0.888	0.888
30.0	0.000	0.861	0.877	0.886	0.895	0.899	0.904	0.906	0.909	0.911	0.912	0.913	0.914	0.915	0.916	0.916	0.917	0.917	0.918	0.918	0.918	0.918	0.919	0.919	0.919	0.919	0.919	0.920	0.920	0.920	0.920	0.920	0.920	0.920	0.920	0.920	0.920	0.920	0.920	0.920
40.0	0.000	0.867	0.887	0.898	0.909	0.915	0.920	0.923	0.926	0.930	0.931	0.932	0.933	0.935	0.936	0.937	0.937	0.938	0.938	0.939	0.939	0.940	0.940	0.940	0.940	0.940	0.941	0.941	0.941	0.941	0.941	0.941	0.941	0.941	0.941	0.941	0.941	0.941	0.941	0.941
50.0	0.000	0.874	0.897	0.910	0.923	0.930	0.937	0.940	0.944	0.948	0.950	0.951	0.953	0.955	0.956	0.957	0.958	0.959	0.959	0.960	0.960	0.961	0.961	0.961	0.961	0.962	0.962	0.962	0.963	0.963	0.963	0.963	0.963	0.963	0.963	0.963	0.962	0.962	0.962	0.962
60.0	0.000	0.879	0.903	0.917	0.932	0.940	0.948	0.952	0.956	0.961	0.963	0.965	0.967	0.969	0.971	0.972	0.972	0.973	0.974	0.975	0.975	0.976	0.976	0.976	0.977	0.977	0.977	0.978	0.978	0.978	0.978	0.978	0.978	0.978	0.978	0.978	0.978	0.978	0.978	0.978
70.0	0.000	0.883	0.909	0.925	0.941	0.950	0.959	0.964	0.968	0.973	0.976	0.978	0.980	0.983	0.985	0.986	0.987	0.988	0.989	0.990	0.990	0.991	0.991	0.991	0.992	0.992	0.993	0.993	0.993	0.994	0.994	0.994	0.994	0.994	0.994	0.994	0.994	0.994	0.994	0.994
80.0	0.000	0.886	0.913	0.930	0.947	0.956	0.966	0.971	0.977	0.982	0.985	0.987	0.990	0.992	0.995	0.996	0.997	0.998	0.999	1.001	1.001	1.001	1.002	1.002	1.003	1.003	1.003	1.004	1.004	1.005	1.005	1.005	1.005	1.005	1.005	1.005	1.005	1.005	1.005	1.005
90.0	0.000	0.888	0.917	0.935	0.953	0.963	0.973	0.979	0.985	0.991	0.994	0.997	0.999	1.002	1.005	1.006	1.008	1.009	1.010	1.011	1.012	1.012	1.013	1.013	1.014	1.014	1.014	1.015	1.015	1.016	1.016	1.016	1.016	1.016	1.016	1.016	1.016	1.016	1.016	1.016
100.0	0.000	0.891	0.921	0.940	0.959	0.970	0.981	0.987	0.994	1.000	1.003	1.006	1.009	1.012	1.015	1.016	1.018	1.019	1.020	1.022	1.022	1.023	1.023	1.024	1.024	1.025	1.025	1.026	1.027	1.027	1.027	1.027	1.027	1.027	1.027	1.027	1.027	1.027	1.027	1.027
110.0	0.000	0.892	0.923	0.943	0.962	0.974	0.985	0.992	0.998	1.005	1.008	1.012	1.015	1.018	1.021	1.023	1.024	1.025	1.027	1.028	1.029	1.029	1.030	1.031	1.031	1.032	1.032	1.033	1.033	1.034	1.034	1.034	1.034	1.034	1.034	1.034	1.034	1.034	1.034	1.034
120.0	0.000	0.894	0.925	0.945	0.965	0.977	0.989	0.996	1.003	1.010	1.014	1.017	1.020	1.024	1.027	1.029	1.030	1.032	1.033	1.035	1.035	1.036	1.037	1.037	1.038	1.038	1.039	1.040	1.040	1.041	1.041	1.041	1.041	1.041	1.041	1.041	1.041	1.041	1.041	1.041
130.0	0.000	0.895	0.927	0.948	0.969	0.981	0.993	1.001	1.008	1.016	1.019	1.023	1.026	1.030	1.033	1.035	1.037	1.038	1.040	1.041	1.042	1.043	1.043	1.044	1.045	1.045	1.046	1.046	1.047	1.048	1.048	1.048	1.048	1.048	1.048	1.048	1.048	1.048	1.048	1.048
140.0	0.000	0.897	0.929	0.951	0.972	0.985	0.997	1.005	1.013	1.021	1.024	1.028	1.032	1.036	1.039	1.041	1.043	1.045	1.046	1.048	1.049	1.049	1.050	1.051	1.051	1.052	1.053	1.053	1.054	1.055	1.055	1.055	1.055	1.055	1.055	1.055	1.055	1.055	1.055	1.055
150.0	0.000	0.898	0.932	0.953	0.975	0.989	1.002	1.010	1.018	1.026	1.030	1.034	1.038	1.041	1.045	1.047	1.049	1.051	1.053	1.055	1.055	1.056	1.057	1.057	1.058	1.059	1.059	1.060	1.061	1.061	1.061	1.062	1.062	1.062	1.062	1.062	1.062	1.062	1.062	1.062
160.0	0.000	0.899	0.933	0.955	0.977	0.991	1.004	1.012	1.021	1.029	1.033	1.037	1.041	1.045	1.049	1.051	1.053	1.054	1.056	1.058	1.059	1.060	1.060	1.061	1.062	1.063	1.063	1.064	1.065	1.066	1.066	1.066	1.066	1.066	1.066	1.066	1.066	1.066	1.066	1.066
170.0	0.000	0.900	0.934	0.956	0.979	0.993	1.006	1.015	1.023	1.032	1.036	1.040	1.044	1.048	1.052	1.054	1.056	1.058	1.060	1.062	1.063	1.064	1.064	1.065	1.066	1.067	1.067	1.068	1.069	1.070	1.070	1.070	1.070	1.070	1.070	1.070	1.070	1.070	1.070	1.070
180.0	0.000	0.901	0.935	0.958	0.981	0.995	1.009	1.017	1.026	1.035	1.039	1.043	1.047	1.051	1.056	1.058	1.060	1.062	1.064	1.066	1.067	1.067	1.068	1.069	1.070	1.071	1.071	1.072	1.073	1.074	1.074	1.074	1.074	1.074	1.074	1.074	1.074	1.074	1.074	1.074
190.0	0.000	0.901	0.936	0.959	0.982	0.997	1.011	1.020	1.029	1.037	1.042	1.046	1.050	1.055	1.059	1.061	1.063	1.065	1.067	1.070	1.070	1.071	1.072	1.073	1.074	1.075	1.075	1.076	1.077	1.078	1.078	1.078	1.078	1.078	1.078	1.078	1.078	1.078	1.078	1.079
200.0	0.000	0.902	0.938	0.961	0.984	0.999	1.014	1.022	1.031	1.040	1.045	1.049	1.054	1.058	1.062	1.065	1.067	1.069	1.071	1.073	1.074	1.075	1.076	1.077	1.078	1.079	1.079	1.080	1.081	1.082	1.082	1.082	1.082	1.082	1.082	1.082	1.082	1.083	1.083	1.083
210.0	0.000	0.903	0.938	0.961	0.985	1.000	1.014	1.024	1.033	1.042	1.046	1.051	1.055	1.059	1.064	1.066	1.068	1.071	1.073	1.075	1.076	1.077	1.078	1.079	1.080	1.080	1.081	1.082	1.083	1.084	1.084	1.084	1.084	1.084	1.084	1.084	1.085	1.085	1.085	1.085
220.0	0.000	0.903	0.939	0.962	0.986	1.001	1.015	1.025	1.034	1.043	1.047	1.052	1.056	1.061	1.065	1.068	1.070	1.072	1.075	1.077	1.078	1.079	1.080	1.081	1.082	1.082	1.083	1.084	1.085	1.086	1.086	1.086	1.086	1.086	1.086	1.086	1.087	1.087	1.087	1.087
230.0	0.000	0.903	0.939	0.963	0.986	1.001	1.016	1.026	1.035	1.044	1.049	1.053	1.058	1.062	1.067	1.069	1.072	1.074	1.076	1.079	1.080	1.081	1.082	1.083	1.083	1.084	1.085	1.086	1.087	1.088	1.088	1.088	1.088	1.088	1.088	1.089	1.089	1.089	1.089	1.089
240.0	0.000	0.904	0.940	0.963	0.987	1.002	1.017	1.027	1.036	1.045	1.050	1.054	1.059	1.064	1.068	1.071	1.073	1.076	1.078	1.081	1.082	1.083	1.084	1.084	1.085	1.086	1.087	1.088	1.089	1.090	1.090	1.090	1.090	1.090	1.091	1.091	1.091	1.091	1.091	1.091
250.0	0.000	0.904	0.940	0.964	0.988	1.003	1.018	1.028	1.037	1.046	1.051	1.056	1.061	1.065	1.070	1.073	1.075	1.078	1.080	1.083	1.084	1.084	1.085	1.086	1.087	1.088	1.089	1.090	1.091	1.092	1.092	1.092	1.092	1.092	1.093	1.093	1.093	1.093	1.093	1.093
260.0	0.000	0.905	0.941	0.965	0.989	1.004	1.019	1.029	1.038	1.048	1.052	1.057	1.062	1.067	1.071	1.074	1.077	1.079	1.082	1.084	1.085	1.086	1.087	1.088	1.089	1.090	1.091	1.092	1.093	1.094	1.094	1.094	1.094	1.095	1.095	1.095	1.095	1.095	1.095	1.095
270.0	0.000	0.905	0.941	0.965	0.989	1.005	1.020	1.030	1.039	1.049	1.054	1.058	1.063	1.068	1.073	1.076	1.078	1.081	1.084	1.086	1.087	1.088	1.089	1.090	1.091	1.092	1.093	1.094	1.095	1.096	1.096	1.096	1.096	1.097	1.097	1.097	1.097	1.097	1.097	1.097
280.0	0.000	0.905	0.942	0.966	0.990	1.006	1.021	1.031	1.040	1.050	1.055	1.060	1.065	1.070	1.075	1.077	1.080	1.083	1.085	1.088	1.089	1.090	1.091	1.092	1.093	1.094	1.095	1.096	1.097	1.098	1.098	1.098	1.099	1.099	1.099	1.099	1.099	1.099	1.099	1.099
290.0	0.000	0.906	0.942	0.967	0.991	1.007	1.022	1.032	1.042	1.051	1.056	1.061	1.066	1.071	1.076	1.079	1.082	1.084	1.087	1.090	1.091	1.092	1.093	1.094	1.095	1.096	1.097	1.098	1.099	1.100	1.100	1.100	1.101	1.101	1.101	1.101	1.101	1.101	1.101	1.101
300.0	0.000	0.906	0.943	0.967	0.992	1.007	1.023	1.033	1.043	1.052	1.057	1.062	1.067	1.073	1.078	1.080	1.083	1.086	1.089	1.092	1.093	1.094	1.095	1.096	1.097	1.098	1.099	1.100	1.101	1.102	1.102	1.102	1.103	1.103	1.103	1.103	1.103	1.103	1.103	1.103
310.0	0.000	0.907	0.943	0.968	0.992	1.008	1.024	1.033	1.043	1.053	1.058	1.063	1.068	1.073	1.078	1.081	1.084	1.087	1.090	1.093	1.094	1.095	1.096	1.097	1.098	1.099	1.100	1.101	1.102	1.103	1.103	1.103	1.103	1.103	1.104	1.104	1.104	1.104	1.104	1.104
320.0	0.000	0.907	0.943	0.968	0.992	1.008	1.024	1.034	1.044	1.054	1.059	1.064	1.069	1.074	1.079	1.082	1.085	1.088	1.091	1.093	1.094	1.095	1.097	1.098	1.099	1.100	1.101	1.102	1.103	1.104	1.104	1.104	1.104	1.104	1.104	1.104	1.105	1.105	1.105	1.105
330.0	0.000	0.907	0.944	0.968	0.993	1.009	1.025	1.035	1.044	1.054	1.060	1.065	1.070	1.075	1.080	1.083	1.086	1.089	1.091	1.094	1.095	1.096	1.097	1.098	1.099	1.101	1.102	1.103	1.104	1.105	1.105	1.105	1.105	1.105	1.105	1.105	1.105	1.105	1.106	1.106
340.0	0.000	0.907	0.944	0.969	0.993	1.009	1.025	1.035	1.045	1.055	1.060	1.065	1.071	1.076	1.081	1.084	1.086	1.089	1.092	1.095	1.096	1.097	1.098	1.099	1.100	1.101	1.102	1.103	1.104	1.106	1.106	1.106	1.106	1.106	1.106	1.106	1.106	1.106	1.106	1.106
350.0	0.000	0.908	0.944	0.969	0.994	1.010	1.026	1.036	1.046	1.056	1.061	1.066	1.071	1.076	1.082	1.084	1.087	1.090	1.093	1.096	1.097	1.098	1.099	1.100	1.101	1.102	1.103	1.104	1.105	1.106	1.106	1.107	1.107	1.107	1.107	1.107	1.107	1.107	1.107	1.107
360.0	0.000	0.908	0.944	0.969	0.994	1.010	1.026	1.036	1.046	1.056	1.062	1.067	1.072	1.077	1.082	1.085	1.088	1.091	1.094	1.097	1.098	1.099	1.100	1.101	1.102	1.103	1.104	1.105	1.106	1.107	1.107	1.107	1.107	1.108	1.108	1.108	1.108	1.108	1.108	1.108
370.0	0.000	0.908	0.945	0.970	0.995	1.011	1.027	1.037	1.047	1.057	1.062	1.068	1.073	1.078	1.083	1.086	1.089	1.092	1.095	1.097	1.098	1.099	1.101	1.102	1.103	1.104	1.105	1.106	1.107	1.108	1.108	1.108	1.108	1.108	1.108	1.108	1.109	1.109	1.109	1.109
380.0	0.000	0.909	0.945	0.970	0.995	1.011	1.027	1.037	1.048	1.058	1.063	1.068	1.074	1.079	1.084	1.087	1.090	1.093	1.095	1.098	1.099	1.100	1.101	1.102	1.103	1.105	1.106	1.107	1.108	1.109	1.109	1.109	1.109	1.109	1.109	1.109	1.109	1.109	1.110	1.110
390.0	0.000	0.909	0.945	0.970	0.996	1.012	1.028	1.038	1.048	1.058	1.064	1.069	1.074	1.080	1.085	1.088	1.091	1.093	1.096	1.099	1.100	1.101	1.102	1.103	1.104	1.105	1.106	1.107	1.109	1.110	1.110	1.110	1.110	1.110	1.110	1.110	1.110	1.110	1.110	1.110
400.0	0.000	0.909	0.946	0.971	0.996	1.012	1.028	1.038	1.049	1.059	1.064	1.070	1.075	1.080	1.086	1.089	1.091	1.094	1.097	1.100	1.101	1.102	1.103	1.104	1.105	1.106	1.107	1.108	1.109	1.110	1.110	1.111	1.111	1.111	1.111	1.111	1.111	1.111	1.111	1.111