NaN	20.0	30.0	40.0	50.0	60.0	70.0	80.0	90.0	100.0	110.0	120.0	130.0	140.0	150.0	160.0	170.0	180.0	190.0	200.0	210.0	220.0	230.0	240.0	250.0	260.0	270.0	280.0	290.0	300.0	310.0	320.0	330.0	340.0	350.0	360.0	370.0	380.0	390.0	400.0
20.0	0.833	0.846	0.854	0.862	0.865	0.868	0.870	0.872	0.873	0.874	0.875	0.876	0.877	0.877	0.878	0.878	0.878	0.879	0.879	0.879	0.880	0.880	0.880	0.880	0.880	0.881	0.881	0.881	0.881	0.881	0.881	0.881	0.881	0.881	0.881	0.881	0.881	0.881	0.881
30.0	0.849	0.867	0.877	0.887	0.892	0.897	0.899	0.902	0.904	0.905	0.907	0.908	0.909	0.910	0.911	0.912	0.912	0.913	0.914	0.914	0.914	0.914	0.914	0.915	0.915	0.915	0.915	0.915	0.916	0.916	0.916	0.916	0.916	0.916	0.916	0.916	0.916	0.916	0.916
40.0	0.856	0.878	0.890	0.902	0.908	0.914	0.918	0.921	0.924	0.926	0.927	0.929	0.931	0.932	0.933	0.934	0.935	0.935	0.936	0.937	0.937	0.937	0.938	0.938	0.938	0.938	0.939	0.939	0.939	0.939	0.939	0.939	0.939	0.939	0.939	0.939	0.939	0.939	0.939
50.0	0.864	0.889	0.903	0.917	0.925	0.932	0.936	0.940	0.944	0.946	0.948	0.950	0.952	0.954	0.955	0.956	0.957	0.958	0.959	0.959	0.960	0.960	0.961	0.961	0.961	0.962	0.962	0.963	0.963	0.963	0.963	0.963	0.963	0.963	0.963	0.963	0.963	0.963	0.963
60.0	0.868	0.895	0.911	0.926	0.935	0.944	0.949	0.953	0.958	0.960	0.963	0.965	0.967	0.970	0.971	0.972	0.973	0.974	0.975	0.976	0.976	0.977	0.977	0.977	0.978	0.978	0.979	0.979	0.980	0.980	0.980	0.980	0.980	0.980	0.980	0.980	0.980	0.980	0.980
70.0	0.873	0.901	0.919	0.936	0.946	0.956	0.961	0.966	0.971	0.974	0.977	0.980	0.982	0.985	0.986	0.988	0.989	0.990	0.992	0.992	0.993	0.993	0.993	0.994	0.994	0.995	0.995	0.995	0.996	0.996	0.996	0.996	0.996	0.996	0.996	0.996	0.996	0.996	0.996
80.0	0.876	0.906	0.924	0.942	0.953	0.964	0.969	0.975	0.981	0.984	0.987	0.990	0.993	0.996	0.997	0.999	1.000	1.002	1.004	1.004	1.005	1.005	1.006	1.006	1.007	1.007	1.008	1.008	1.008	1.009	1.009	1.009	1.009	1.009	1.009	1.009	1.009	1.009	1.009
90.0	0.879	0.910	0.929	0.949	0.960	0.972	0.978	0.984	0.990	0.994	0.997	1.000	1.003	1.007	1.008	1.010	1.012	1.014	1.015	1.016	1.017	1.017	1.018	1.018	1.019	1.019	1.020	1.021	1.021	1.021	1.021	1.021	1.021	1.021	1.021	1.021	1.021	1.021	1.021
100.0	0.882	0.915	0.935	0.955	0.967	0.980	0.986	0.993	1.000	1.004	1.007	1.011	1.014	1.018	1.020	1.021	1.023	1.025	1.027	1.028	1.029	1.029	1.030	1.030	1.031	1.032	1.032	1.033	1.034	1.034	1.034	1.034	1.034	1.034	1.034	1.034	1.034	1.034	1.034
110.0	0.883	0.917	0.938	0.959	0.971	0.984	0.991	0.998	1.006	1.009	1.013	1.017	1.021	1.024	1.026	1.028	1.030	1.033	1.035	1.035	1.036	1.037	1.037	1.038	1.039	1.040	1.040	1.041	1.042	1.042	1.042	1.042	1.042	1.042	1.042	1.042	1.042	1.042	1.042
120.0	0.885	0.919	0.941	0.962	0.975	0.988	0.996	1.004	1.011	1.015	1.019	1.023	1.027	1.031	1.033	1.035	1.038	1.040	1.042	1.043	1.044	1.044	1.045	1.046	1.047	1.047	1.048	1.049	1.050	1.050	1.050	1.050	1.050	1.050	1.050	1.050	1.050	1.050	1.050
130.0	0.886	0.921	0.943	0.966	0.979	0.993	1.001	1.009	1.017	1.021	1.025	1.029	1.034	1.038	1.040	1.042	1.045	1.047	1.049	1.050	1.051	1.052	1.053	1.053	1.054	1.055	1.056	1.057	1.058	1.058	1.058	1.058	1.058	1.058	1.058	1.058	1.058	1.058	1.058
140.0	0.888	0.923	0.946	0.969	0.983	0.997	1.006	1.014	1.022	1.027	1.031	1.036	1.040	1.045	1.047	1.049	1.052	1.054	1.057	1.058	1.059	1.059	1.060	1.061	1.062	1.063	1.064	1.065	1.065	1.065	1.065	1.065	1.065	1.065	1.065	1.065	1.065	1.065	1.065
150.0	0.890	0.925	0.949	0.973	0.987	1.002	1.010	1.019	1.028	1.033	1.037	1.042	1.047	1.051	1.054	1.056	1.059	1.062	1.064	1.065	1.066	1.067	1.068	1.069	1.070	1.071	1.072	1.072	1.073	1.073	1.073	1.073	1.073	1.073	1.073	1.073	1.073	1.073	1.073
160.0	0.891	0.927	0.951	0.975	0.990	1.004	1.013	1.022	1.031	1.036	1.041	1.046	1.050	1.055	1.058	1.061	1.063	1.066	1.069	1.070	1.071	1.072	1.073	1.073	1.074	1.075	1.076	1.077	1.078	1.078	1.078	1.078	1.078	1.078	1.078	1.078	1.078	1.078	1.078
170.0	0.892	0.928	0.952	0.977	0.992	1.007	1.016	1.026	1.035	1.040	1.044	1.049	1.054	1.059	1.062	1.065	1.067	1.070	1.073	1.074	1.075	1.076	1.077	1.078	1.079	1.080	1.081	1.082	1.083	1.083	1.083	1.083	1.083	1.083	1.083	1.083	1.083	1.083	1.083
180.0	0.893	0.929	0.954	0.979	0.994	1.010	1.019	1.029	1.038	1.043	1.048	1.053	1.058	1.063	1.066	1.069	1.072	1.074	1.077	1.078	1.080	1.081	1.082	1.083	1.084	1.085	1.086	1.087	1.089	1.088	1.088	1.088	1.088	1.088	1.088	1.088	1.088	1.088	1.088
190.0	0.894	0.931	0.956	0.981	0.996	1.012	1.022	1.032	1.042	1.047	1.052	1.057	1.062	1.067	1.070	1.073	1.076	1.079	1.082	1.083	1.084	1.085	1.086	1.088	1.089	1.090	1.091	1.092	1.094	1.093	1.093	1.093	1.093	1.093	1.093	1.093	1.093	1.093	1.093
200.0	0.895	0.932	0.957	0.983	0.999	1.015	1.025	1.035	1.045	1.050	1.055	1.060	1.066	1.071	1.074	1.077	1.080	1.083	1.086	1.087	1.089	1.090	1.091	1.092	1.094	1.095	1.096	1.097	1.099	1.099	1.098	1.098	1.098	1.098	1.098	1.098	1.098	1.098	1.098
210.0	0.896	0.933	0.958	0.984	1.000	1.016	1.026	1.036	1.047	1.052	1.057	1.062	1.068	1.073	1.076	1.079	1.082	1.086	1.089	1.090	1.091	1.092	1.094	1.095	1.096	1.097	1.099	1.100	1.101	1.101	1.101	1.101	1.101	1.101	1.101	1.101	1.101	1.101	1.101
220.0	0.896	0.934	0.959	0.985	1.001	1.018	1.028	1.038	1.048	1.054	1.059	1.064	1.070	1.075	1.078	1.082	1.085	1.088	1.091	1.093	1.094	1.095	1.096	1.098	1.099	1.100	1.101	1.103	1.104	1.104	1.104	1.104	1.104	1.104	1.104	1.103	1.103	1.103	1.103
230.0	0.896	0.934	0.960	0.986	1.002	1.019	1.029	1.040	1.050	1.055	1.061	1.066	1.072	1.077	1.081	1.084	1.087	1.091	1.094	1.095	1.096	1.098	1.099	1.100	1.101	1.103	1.104	1.105	1.107	1.107	1.107	1.106	1.106	1.106	1.106	1.106	1.106	1.106	1.106
240.0	0.897	0.935	0.961	0.987	1.003	1.020	1.031	1.041	1.052	1.057	1.063	1.068	1.074	1.080	1.083	1.086	1.090	1.093	1.096	1.098	1.099	1.100	1.102	1.103	1.104	1.105	1.107	1.108	1.109	1.109	1.109	1.109	1.109	1.109	1.109	1.109	1.109	1.109	1.109
250.0	0.897	0.936	0.962	0.988	1.005	1.021	1.032	1.043	1.053	1.059	1.065	1.070	1.076	1.082	1.085	1.089	1.092	1.096	1.099	1.100	1.102	1.103	1.104	1.105	1.107	1.108	1.109	1.111	1.112	1.112	1.112	1.112	1.112	1.112	1.112	1.112	1.112	1.112	1.112
260.0	0.898	0.937	0.963	0.989	1.006	1.023	1.033	1.044	1.055	1.061	1.067	1.072	1.078	1.084	1.087	1.091	1.095	1.098	1.102	1.103	1.104	1.105	1.107	1.108	1.109	1.111	1.112	1.113	1.115	1.115	1.115	1.115	1.115	1.115	1.115	1.115	1.115	1.115	1.115
270.0	0.898	0.937	0.964	0.990	1.007	1.024	1.035	1.046	1.057	1.062	1.068	1.074	1.080	1.086	1.090	1.093	1.097	1.101	1.104	1.105	1.107	1.108	1.109	1.111	1.112	1.113	1.115	1.116	1.117	1.117	1.117	1.117	1.117	1.117	1.117	1.117	1.117	1.117	1.117
280.0	0.899	0.938	0.964	0.991	1.008	1.025	1.036	1.047	1.058	1.064	1.070	1.076	1.082	1.088	1.092	1.096	1.099	1.103	1.107	1.108	1.109	1.111	1.112	1.113	1.115	1.116	1.117	1.119	1.120	1.120	1.120	1.120	1.120	1.120	1.120	1.120	1.120	1.120	1.120
290.0	0.899	0.939	0.965	0.992	1.009	1.026	1.038	1.049	1.060	1.066	1.072	1.078	1.084	1.090	1.094	1.098	1.102	1.106	1.109	1.111	1.112	1.113	1.115	1.116	1.117	1.119	1.120	1.121	1.123	1.123	1.123	1.123	1.123	1.123	1.123	1.123	1.123	1.123	1.123
300.0	0.899	0.939	0.966	0.993	1.010	1.028	1.039	1.050	1.062	1.068	1.074	1.080	1.086	1.093	1.097	1.100	1.104	1.108	1.112	1.113	1.115	1.116	1.117	1.119	1.120	1.121	1.123	1.124	1.125	1.125	1.125	1.125	1.125	1.126	1.126	1.126	1.126	1.126	1.126
310.0	0.900	0.940	0.967	0.993	1.011	1.028	1.040	1.051	1.062	1.069	1.075	1.081	1.087	1.094	1.098	1.101	1.105	1.109	1.113	1.114	1.116	1.117	1.118	1.120	1.121	1.122	1.124	1.125	1.126	1.126	1.126	1.127	1.127	1.127	1.127	1.127	1.127	1.127	1.127
320.0	0.900	0.940	0.967	0.994	1.012	1.029	1.040	1.052	1.063	1.069	1.076	1.082	1.088	1.095	1.099	1.103	1.106	1.110	1.114	1.116	1.117	1.118	1.120	1.121	1.122	1.124	1.125	1.126	1.128	1.128	1.128	1.128	1.128	1.128	1.128	1.128	1.128	1.128	1.128
330.0	0.900	0.940	0.967	0.994	1.012	1.030	1.041	1.052	1.064	1.070	1.077	1.083	1.089	1.096	1.100	1.104	1.108	1.111	1.115	1.117	1.118	1.119	1.121	1.122	1.123	1.125	1.126	1.127	1.129	1.129	1.129	1.129	1.129	1.129	1.129	1.129	1.129	1.129	1.129
340.0	0.901	0.941	0.968	0.995	1.013	1.030	1.042	1.053	1.064	1.071	1.077	1.084	1.090	1.097	1.101	1.105	1.109	1.113	1.117	1.118	1.119	1.121	1.122	1.123	1.125	1.126	1.127	1.129	1.130	1.130	1.130	1.130	1.130	1.130	1.130	1.130	1.130	1.130	1.130
350.0	0.901	0.941	0.968	0.996	1.013	1.031	1.042	1.054	1.065	1.072	1.078	1.085	1.091	1.098	1.102	1.106	1.110	1.114	1.118	1.119	1.120	1.122	1.123	1.124	1.126	1.127	1.128	1.130	1.131	1.131	1.131	1.131	1.131	1.131	1.131	1.131	1.131	1.131	1.131
360.0	0.901	0.941	0.969	0.996	1.014	1.032	1.043	1.054	1.066	1.072	1.079	1.086	1.092	1.099	1.103	1.107	1.111	1.115	1.119	1.120	1.122	1.123	1.124	1.126	1.127	1.128	1.130	1.131	1.132	1.132	1.132	1.132	1.132	1.132	1.132	1.132	1.132	1.132	1.132
370.0	0.902	0.941	0.969	0.997	1.015	1.032	1.044	1.055	1.067	1.073	1.080	1.087	1.093	1.100	1.104	1.108	1.112	1.116	1.120	1.121	1.123	1.124	1.125	1.127	1.128	1.129	1.131	1.132	1.134	1.133	1.133	1.133	1.133	1.133	1.133	1.133	1.133	1.133	1.132
380.0	0.902	0.942	0.969	0.997	1.015	1.033	1.045	1.056	1.067	1.074	1.081	1.088	1.094	1.101	1.105	1.109	1.113	1.117	1.121	1.123	1.124	1.125	1.127	1.128	1.129	1.131	1.132	1.133	1.135	1.135	1.134	1.134	1.134	1.134	1.134	1.134	1.134	1.134	1.133
390.0	0.903	0.942	0.970	0.998	1.016	1.034	1.045	1.057	1.068	1.075	1.082	1.088	1.095	1.102	1.106	1.110	1.114	1.118	1.123	1.124	1.125	1.127	1.128	1.129	1.131	1.132	1.133	1.135	1.136	1.136	1.136	1.135	1.135	1.135	1.135	1.135	1.135	1.135	1.134
400.0	0.903	0.942	0.970	0.998	1.016	1.035	1.046	1.057	1.069	1.076	1.082	1.089	1.096	1.103	1.107	1.111	1.115	1.120	1.124	1.125	1.126	1.128	1.129	1.130	1.132	1.133	1.134	1.136	1.137	1.137	1.137	1.137	1.136	1.136	1.136	1.136	1.136	1.136	1.135