0.0	99.714
2.5	99.700
5.0	99.615
7.5	99.714
10.0	99.814
12.5	100.013
15.0	100.213
17.5	100.113
20.0	100.113
22.5	100.213
25.0	100.184
27.5	100.213
30.0	100.313
32.5	100.412
35.0	100.355
37.5	100.427
40.0	100.612
42.5	100.825
45.0	100.982
47.5	101.139
50.0	101.224
52.5	101.509
55.0	101.509
57.5	101.509
60.0	101.523
62.5	101.609
65.0	101.709
67.5	101.723
70.0	101.808
72.5	101.908
75.0	102.107
77.5	102.207
80.0	102.278
82.5	102.307
85.0	102.392
87.5	102.407
90.0	102.407
92.5	102.350
95.0	102.492
97.5	102.578
100.0	102.606
102.5	102.706
105.0	102.748
107.5	102.805
110.0	102.756
112.5	102.905
115.0	103.105
117.5	103.204
120.0	103.204
122.5	103.130
125.0	103.233
127.5	103.332
130.0	103.404
132.5	103.503
135.0	103.503
137.5	103.603
140.0	103.703
142.5	103.803
145.0	103.803
147.5	103.902
150.0	103.974
152.5	104.002
155.0	104.102
157.5	104.201
160.0	104.102
162.5	104.102
165.0	104.201
167.5	104.301
170.0	104.301
172.5	104.301
175.0	104.401
177.5	104.301
180.0	104.301
182.5	104.344
185.0	104.401
187.5	104.358
190.0	104.401
192.5	104.501
195.0	104.401
197.5	104.301
200.0	104.201
202.5	104.201
205.0	104.201
207.5	104.201
210.0	104.201
212.5	104.102
215.0	104.102
217.5	103.974
220.0	103.831
222.5	103.774
225.0	103.503
227.5	103.162
230.0	102.706
232.5	101.837
235.0	100.142
237.5	97.848
240.0	94.903
242.5	91.680
245.0	88.404
247.5	85.655
250.0	82.464
252.5	72.763
255.0	54.928
257.5	35.797
260.0	22.877
262.5	15.726
265.0	11.293
267.5	9.145
270.0	8.177
272.5	7.635
275.0	7.279
277.5	6.880
280.0	6.469
282.5	6.111
285.0	5.783
287.5	5.499
290.0	5.185
292.5	4.786
295.0	4.587
297.5	4.562
300.0	4.354
302.5	4.103
305.0	3.889
307.5	3.702
310.0	3.447
312.5	3.291
315.0	3.234
317.5	3.091
320.0	2.991
322.5	2.879
325.0	2.621