NaN	10.0	20.0	30.0	40.0	50.0	60.0	70.0	80.0	90.0	100.0	110.0	120.0	130.0	140.0	150.0	160.0	170.0	180.0	190.0	200.0	210.0	220.0	230.0	240.0	250.0	260.0	270.0	280.0	290.0	300.0	310.0	320.0	330.0	340.0	350.0	360.0	370.0	380.0	390.0	400.0
10.0	0.805	0.830	0.837	0.841	0.845	0.847	0.848	0.848	0.849	0.849	0.850	0.851	0.851	0.852	0.852	0.852	0.852	0.853	0.853	0.853	0.853	0.853	0.853	0.853	0.853	0.853	0.853	0.854	0.854	0.854	0.854	0.854	0.854	0.854	0.854	0.854	0.854	0.855	0.855	0.855
20.0	0.825	0.866	0.879	0.887	0.893	0.896	0.900	0.903	0.905	0.908	0.909	0.910	0.911	0.912	0.913	0.914	0.914	0.915	0.915	0.916	0.916	0.917	0.917	0.918	0.918	0.918	0.918	0.919	0.919	0.919	0.919	0.919	0.920	0.920	0.920	0.920	0.920	0.921	0.921	0.921
30.0	0.833	0.882	0.902	0.909	0.916	0.919	0.922	0.925	0.926	0.926	0.927	0.928	0.929	0.930	0.931	0.931	0.931	0.931	0.931	0.931	0.931	0.931	0.932	0.932	0.932	0.932	0.932	0.932	0.932	0.933	0.932	0.932	0.932	0.932	0.932	0.932	0.931	0.931	0.931	0.931
40.0	0.837	0.889	0.911	0.920	0.928	0.932	0.936	0.940	0.942	0.943	0.944	0.945	0.946	0.947	0.948	0.948	0.948	0.949	0.949	0.949	0.949	0.949	0.949	0.949	0.950	0.950	0.950	0.950	0.950	0.950	0.950	0.950	0.950	0.950	0.950	0.950	0.950	0.950	0.950	0.950
50.0	0.840	0.895	0.920	0.930	0.941	0.946	0.950	0.955	0.957	0.960	0.961	0.962	0.963	0.964	0.965	0.966	0.966	0.966	0.967	0.967	0.967	0.967	0.967	0.967	0.967	0.967	0.967	0.967	0.967	0.967	0.968	0.968	0.968	0.968	0.968	0.968	0.968	0.968	0.968	0.968
60.0	0.843	0.898	0.924	0.936	0.948	0.953	0.959	0.964	0.967	0.969	0.970	0.972	0.973	0.974	0.975	0.976	0.977	0.977	0.978	0.978	0.978	0.978	0.978	0.978	0.978	0.978	0.978	0.978	0.978	0.978	0.979	0.979	0.979	0.979	0.979	0.979	0.979	0.979	0.980	0.980
70.0	0.844	0.902	0.929	0.942	0.955	0.961	0.967	0.973	0.976	0.979	0.980	0.981	0.983	0.984	0.986	0.986	0.987	0.988	0.989	0.989	0.989	0.989	0.989	0.989	0.989	0.989	0.989	0.989	0.989	0.989	0.990	0.990	0.990	0.990	0.990	0.990	0.991	0.991	0.991	0.991
80.0	0.845	0.904	0.934	0.948	0.962	0.969	0.975	0.982	0.985	0.988	0.990	0.991	0.993	0.994	0.996	0.997	0.998	0.999	0.999	1.000	1.000	1.000	1.000	1.000	1.000	1.000	1.000	1.000	1.000	1.000	1.001	1.001	1.001	1.001	1.001	1.002	1.002	1.002	1.002	1.002
90.0	0.845	0.907	0.936	0.951	0.966	0.973	0.980	0.987	0.991	0.994	0.996	0.998	0.999	1.001	1.003	1.004	1.005	1.006	1.006	1.007	1.007	1.008	1.008	1.008	1.008	1.008	1.008	1.009	1.009	1.009	1.009	1.009	1.009	1.009	1.009	1.009	1.009	1.009	1.009	1.010
100.0	0.846	0.909	0.939	0.955	0.970	0.978	0.985	0.993	0.996	1.000	1.002	1.004	1.006	1.008	1.010	1.011	1.012	1.012	1.013	1.014	1.015	1.015	1.015	1.015	1.016	1.016	1.016	1.017	1.017	1.017	1.017	1.017	1.017	1.017	1.017	1.017	1.017	1.017	1.017	1.017
110.0	0.848	0.910	0.941	0.957	0.973	0.980	0.988	0.996	1.000	1.003	1.005	1.008	1.010	1.012	1.014	1.015	1.016	1.017	1.018	1.019	1.019	1.019	1.019	1.020	1.020	1.020	1.021	1.021	1.021	1.022	1.022	1.022	1.022	1.022	1.022	1.021	1.021	1.021	1.021	1.021
120.0	0.849	0.911	0.942	0.958	0.975	0.983	0.991	0.999	1.003	1.007	1.009	1.011	1.013	1.015	1.018	1.019	1.020	1.021	1.022	1.023	1.023	1.024	1.024	1.024	1.025	1.025	1.025	1.026	1.026	1.026	1.026	1.026	1.026	1.026	1.026	1.026	1.026	1.026	1.026	1.026
130.0	0.849	0.913	0.943	0.960	0.977	0.985	0.994	1.002	1.006	1.010	1.012	1.015	1.017	1.019	1.022	1.023	1.024	1.025	1.026	1.027	1.028	1.028	1.028	1.029	1.029	1.029	1.030	1.030	1.030	1.031	1.031	1.031	1.031	1.031	1.031	1.031	1.031	1.031	1.031	1.031
140.0	0.849	0.914	0.945	0.962	0.979	0.988	0.996	1.005	1.009	1.014	1.016	1.018	1.021	1.023	1.025	1.027	1.028	1.029	1.030	1.031	1.032	1.032	1.033	1.033	1.033	1.034	1.034	1.034	1.035	1.035	1.035	1.035	1.035	1.035	1.035	1.035	1.035	1.035	1.035	1.035
150.0	0.849	0.915	0.946	0.964	0.981	0.990	0.999	1.008	1.012	1.017	1.019	1.022	1.024	1.027	1.029	1.031	1.032	1.033	1.035	1.036	1.036	1.037	1.037	1.037	1.038	1.038	1.038	1.039	1.039	1.040	1.040	1.040	1.040	1.040	1.040	1.040	1.040	1.040	1.040	1.040
160.0	0.850	0.915	0.947	0.965	0.983	0.992	1.001	1.010	1.014	1.019	1.022	1.024	1.027	1.029	1.032	1.033	1.034	1.036	1.037	1.038	1.039	1.039	1.039	1.040	1.040	1.041	1.041	1.041	1.042	1.042	1.042	1.042	1.042	1.042	1.042	1.042	1.042	1.042	1.043	1.043
170.0	0.850	0.916	0.948	0.966	0.984	0.993	1.002	1.011	1.016	1.021	1.024	1.026	1.029	1.032	1.034	1.035	1.037	1.038	1.039	1.041	1.041	1.042	1.042	1.042	1.043	1.043	1.043	1.044	1.044	1.044	1.045	1.045	1.045	1.045	1.045	1.045	1.045	1.045	1.045	1.045
180.0	0.851	0.916	0.949	0.967	0.985	0.994	1.004	1.013	1.018	1.023	1.026	1.028	1.031	1.034	1.037	1.038	1.039	1.041	1.042	1.043	1.044	1.044	1.044	1.045	1.045	1.045	1.046	1.046	1.046	1.047	1.047	1.047	1.047	1.047	1.047	1.048	1.048	1.048	1.048	1.048
190.0	0.851	0.917	0.949	0.968	0.986	0.996	1.005	1.015	1.020	1.025	1.028	1.031	1.033	1.036	1.039	1.040	1.042	1.043	1.044	1.046	1.046	1.046	1.047	1.047	1.048	1.048	1.048	1.049	1.049	1.049	1.049	1.050	1.050	1.050	1.050	1.050	1.050	1.050	1.050	1.051
200.0	0.852	0.917	0.950	0.969	0.987	0.997	1.007	1.017	1.022	1.027	1.030	1.033	1.036	1.039	1.041	1.043	1.044	1.046	1.047	1.048	1.049	1.049	1.049	1.050	1.050	1.050	1.051	1.051	1.051	1.052	1.052	1.052	1.052	1.052	1.052	1.053	1.053	1.053	1.053	1.053
210.0	0.852	0.917	0.950	0.969	0.988	0.998	1.007	1.017	1.023	1.028	1.031	1.034	1.037	1.039	1.042	1.044	1.045	1.047	1.048	1.049	1.050	1.050	1.051	1.051	1.051	1.052	1.052	1.052	1.053	1.053	1.053	1.053	1.053	1.054	1.054	1.054	1.054	1.054	1.054	1.055
220.0	0.853	0.918	0.951	0.970	0.988	0.998	1.008	1.018	1.023	1.029	1.032	1.035	1.038	1.040	1.043	1.045	1.046	1.048	1.049	1.051	1.051	1.051	1.052	1.052	1.052	1.053	1.053	1.054	1.054	1.054	1.054	1.055	1.055	1.055	1.055	1.055	1.055	1.056	1.056	1.056
230.0	0.853	0.918	0.951	0.970	0.989	0.999	1.009	1.019	1.024	1.030	1.033	1.036	1.038	1.041	1.044	1.046	1.047	1.049	1.050	1.052	1.052	1.053	1.053	1.053	1.054	1.054	1.054	1.055	1.055	1.056	1.056	1.056	1.056	1.056	1.056	1.057	1.057	1.057	1.057	1.057
240.0	0.854	0.919	0.951	0.970	0.989	0.999	1.009	1.019	1.025	1.030	1.033	1.036	1.039	1.042	1.045	1.047	1.048	1.050	1.051	1.053	1.053	1.054	1.054	1.055	1.055	1.055	1.056	1.056	1.057	1.057	1.057	1.057	1.057	1.058	1.058	1.058	1.058	1.058	1.058	1.059
250.0	0.854	0.919	0.952	0.971	0.990	1.000	1.010	1.020	1.026	1.031	1.034	1.037	1.040	1.043	1.046	1.048	1.049	1.051	1.052	1.054	1.054	1.055	1.055	1.056	1.056	1.057	1.057	1.058	1.058	1.058	1.059	1.059	1.059	1.059	1.059	1.059	1.059	1.060	1.060	1.060
260.0	0.854	0.919	0.952	0.971	0.990	1.001	1.011	1.021	1.026	1.032	1.035	1.038	1.041	1.044	1.047	1.049	1.051	1.052	1.054	1.055	1.056	1.056	1.057	1.057	1.057	1.058	1.058	1.059	1.059	1.060	1.060	1.060	1.060	1.060	1.060	1.061	1.061	1.061	1.061	1.061
270.0	0.854	0.919	0.952	0.972	0.991	1.001	1.011	1.021	1.027	1.033	1.036	1.039	1.042	1.045	1.048	1.050	1.052	1.053	1.055	1.056	1.057	1.057	1.058	1.058	1.059	1.059	1.060	1.060	1.061	1.061	1.061	1.061	1.062	1.062	1.062	1.062	1.062	1.062	1.062	1.063
280.0	0.854	0.920	0.953	0.972	0.991	1.002	1.012	1.022	1.028	1.034	1.037	1.040	1.043	1.046	1.049	1.051	1.053	1.054	1.056	1.057	1.058	1.058	1.059	1.059	1.060	1.060	1.061	1.061	1.062	1.062	1.063	1.063	1.063	1.063	1.063	1.063	1.063	1.064	1.064	1.064
290.0	0.854	0.920	0.953	0.972	0.992	1.002	1.012	1.023	1.028	1.034	1.038	1.041	1.044	1.047	1.050	1.052	1.054	1.055	1.057	1.059	1.059	1.060	1.060	1.061	1.061	1.062	1.062	1.063	1.063	1.064	1.064	1.064	1.064	1.064	1.065	1.065	1.065	1.065	1.065	1.065
300.0	0.854	0.920	0.953	0.973	0.992	1.003	1.013	1.023	1.029	1.035	1.038	1.042	1.045	1.048	1.052	1.053	1.055	1.056	1.058	1.060	1.060	1.061	1.061	1.062	1.062	1.063	1.064	1.064	1.065	1.065	1.065	1.065	1.066	1.066	1.066	1.066	1.066	1.066	1.066	1.067
310.0	0.854	0.920	0.953	0.973	0.993	1.003	1.013	1.024	1.030	1.036	1.039	1.042	1.045	1.049	1.052	1.054	1.055	1.057	1.058	1.060	1.061	1.061	1.062	1.062	1.063	1.063	1.064	1.065	1.065	1.066	1.066	1.066	1.066	1.066	1.066	1.066	1.067	1.067	1.067	1.067
320.0	0.854	0.920	0.954	0.973	0.993	1.003	1.014	1.024	1.030	1.036	1.039	1.042	1.046	1.049	1.052	1.054	1.056	1.057	1.059	1.061	1.061	1.062	1.062	1.063	1.063	1.064	1.064	1.065	1.066	1.066	1.066	1.066	1.067	1.067	1.067	1.067	1.067	1.067	1.067	1.067
330.0	0.855	0.921	0.954	0.973	0.993	1.003	1.014	1.024	1.030	1.036	1.040	1.043	1.046	1.049	1.053	1.054	1.056	1.058	1.059	1.061	1.062	1.062	1.063	1.063	1.064	1.064	1.065	1.066	1.066	1.067	1.067	1.067	1.067	1.067	1.067	1.067	1.067	1.068	1.068	1.068
340.0	0.855	0.921	0.954	0.974	0.993	1.004	1.014	1.025	1.031	1.037	1.040	1.043	1.047	1.050	1.053	1.055	1.056	1.058	1.060	1.061	1.062	1.063	1.063	1.064	1.064	1.065	1.065	1.066	1.067	1.067	1.067	1.067	1.067	1.068	1.068	1.068	1.068	1.068	1.068	1.068
350.0	0.855	0.921	0.954	0.974	0.993	1.004	1.014	1.025	1.031	1.037	1.040	1.044	1.047	1.050	1.053	1.055	1.057	1.059	1.060	1.062	1.062	1.063	1.064	1.064	1.065	1.065	1.066	1.066	1.067	1.068	1.068	1.068	1.068	1.068	1.068	1.068	1.068	1.068	1.068	1.069
360.0	0.855	0.921	0.954	0.974	0.994	1.004	1.015	1.025	1.031	1.037	1.041	1.044	1.047	1.051	1.054	1.056	1.057	1.059	1.061	1.062	1.063	1.063	1.064	1.065	1.065	1.066	1.066	1.067	1.068	1.068	1.068	1.068	1.068	1.068	1.069	1.069	1.069	1.069	1.069	1.069
370.0	0.855	0.921	0.955	0.974	0.994	1.004	1.015	1.026	1.032	1.038	1.041	1.044	1.048	1.051	1.054	1.056	1.058	1.059	1.061	1.063	1.063	1.064	1.065	1.065	1.066	1.066	1.067	1.067	1.068	1.069	1.069	1.069	1.069	1.069	1.069	1.069	1.069	1.069	1.069	1.069
380.0	0.856	0.922	0.955	0.974	0.994	1.005	1.015	1.026	1.032	1.038	1.041	1.045	1.048	1.051	1.055	1.056	1.058	1.060	1.061	1.063	1.064	1.064	1.065	1.066	1.066	1.067	1.067	1.068	1.069	1.069	1.069	1.069	1.069	1.069	1.069	1.070	1.070	1.070	1.070	1.070
390.0	0.856	0.922	0.955	0.975	0.994	1.005	1.016	1.026	1.032	1.038	1.042	1.045	1.048	1.052	1.055	1.057	1.058	1.060	1.062	1.064	1.064	1.065	1.065	1.066	1.067	1.067	1.068	1.068	1.069	1.070	1.070	1.070	1.070	1.070	1.070	1.070	1.070	1.070	1.070	1.070
400.0	0.856	0.922	0.955	0.975	0.994	1.005	1.016	1.027	1.033	1.039	1.042	1.045	1.049	1.052	1.055	1.057	1.059	1.061	1.062	1.064	1.065	1.065	1.066	1.066	1.067	1.068	1.068	1.069	1.070	1.070	1.070	1.070	1.070	1.070	1.070	1.070	1.070	1.071	1.071	1.071